
Canopy clustering
=================

Number of canopies (cluster centers) found: 46
T2 radius: 1.126     
T1 radius: 1.408     

Cluster 0: 0.676264,0.623693,0.415882,0.575883,0.579361,0.701869,0.317042,0.694942,0.718803,neutral,{6132} <0,1,2,3,4,5,6,7,8,10,11,12,13,15,16,17,18,19,20,21,22,23,24,25,26,27,28,29,32,33,37,38,39,43>
Cluster 1: 0.734353,0.661171,0.72583,0.565837,0.566659,0.77285,0.732757,0.752085,0.774429,surprise,{3068} <0,1,2,3,4,5,6,8,10,11,12,13,16,17,19,20,21,22,23,24,25,26,30,31,32,34,36,39,43>
Cluster 2: 0.538019,0.422783,0.397828,0.447443,0.450367,0.52768,0.365957,0.547496,0.570818,sad,{7604} <0,1,2,3,4,5,6,7,8,9,10,11,12,13,14,15,16,17,18,20,21,22,23,24,25,26,27,28,29,30,31,32,33,34,37,38,39,40,41,43,44,45>
Cluster 3: 0.591454,0.545613,0.480849,0.551488,0.54875,0.630445,0.438661,0.560167,0.598067,happy,{7065} <0,1,2,3,4,5,6,7,8,9,10,11,12,13,14,15,16,17,18,19,20,21,22,23,24,25,26,27,28,29,30,31,32,33,34,35,37,38,39,41,43,44>
Cluster 4: 0.49842,0.555709,0.405387,0.436551,0.440326,0.574748,0.365826,0.531741,0.561827,angry,{3149} <0,1,2,3,4,5,6,7,8,9,10,11,12,13,14,15,16,17,18,20,21,22,23,24,25,26,27,28,29,31,32,33,34,36,37,39,41,42,43,44>
Cluster 5: 0.698291,0.396235,0.171284,0.495105,0.489524,0.672974,0.175051,0.65848,0.692052,surprise,{420} <0,1,2,3,4,5,6,7,8,10,11,12,13,14,15,16,17,18,20,22,23,24,25,26,28,29,33,34,44>
Cluster 6: 0.594275,0.475063,0.323394,0.49114,0.482948,0.580516,0.357052,0.544167,0.573211,fear,{1944} <0,1,2,3,4,5,6,7,8,9,10,11,12,13,14,15,16,17,18,20,21,22,23,24,25,26,27,28,29,31,33,34,37,39,41,43,44>
Cluster 7: 0.364599,0.294581,0.27732,0.277112,0.26763,0.351865,0.356494,0.321799,0.341367,neutral,{1349} <0,2,3,4,5,6,7,8,9,10,11,12,14,15,16,17,18,19,21,25,27,28,32,33,35,37,38,40,41,44,45>
Cluster 8: 0.590003,0.653381,0.698283,0.417065,0.4234,0.64544,0.649857,0.615635,0.648048,fear,{1744} <0,1,2,3,4,5,6,7,8,9,10,11,12,13,14,15,16,17,18,19,20,21,22,23,24,25,27,28,30,31,32,34,36,39,43>
Cluster 9: 0.340317,0.542427,0.536492,0.226572,0.226258,0.424268,0.7602,0.260374,0.293166,happy,{203} <2,3,4,6,7,8,9,10,11,12,13,14,15,16,17,18,20,21,25,27,28,31,32,33,34,35,37,40,41,44,45>
Cluster 10: 0.6845,0.736443,0.367252,0.586253,0.573922,0.722941,0.481183,0.675073,0.706106,disgust,{315} <0,1,2,3,4,5,6,7,8,9,10,11,12,13,15,16,17,18,19,20,21,22,23,24,25,26,27,28,29,31,32,33,39,43>
Cluster 11: 0.564143,0.520155,0.436994,0.203494,0.199594,0.592999,0.382331,0.579225,0.609915,surprise,{865} <0,1,2,3,4,5,6,7,8,9,10,11,12,14,15,16,17,18,20,21,23,24,25,28,32,33,34,37,39,43,44>
Cluster 12: 0.423021,0.430003,0.600501,0.285579,0.268785,0.413209,0.577159,0.339358,0.362416,disgust,{131} <0,1,2,3,4,5,6,7,8,9,10,11,12,14,15,16,17,18,20,21,25,27,28,30,31,32,34,35,37,40,45>
Cluster 13: 0.621523,0.834473,0.242909,0.804811,0.79585,0.833037,0.783607,0.696056,0.743981,happy,{43} <0,1,2,3,4,5,6,8,9,10,13,16,17,18,19,20,21,22,23,24,26,27,29,33,36,39,41>
Cluster 14: 0.460478,0.393912,0.169257,0.287801,0.262483,0.412177,0.385784,0.169407,0.17402,angry,{176} <2,3,4,5,6,7,8,9,11,12,14,15,16,18,20,21,25,27,28,31,35,37,40,41,42,45>
Cluster 15: 0.452718,0.509231,0.173597,0.207562,0.184333,0.414531,0.615861,0.284527,0.332819,fear,{101} <0,2,3,4,5,6,7,8,9,10,11,12,14,15,16,17,18,20,21,23,24,25,27,28,35,37,40,43,45>
Cluster 16: 0.608133,0.377605,0.786972,0.477859,0.465425,0.562877,0.760208,0.516176,0.543545,neutral,{274} <0,1,2,3,4,5,6,7,8,9,10,11,12,13,14,15,16,17,18,19,20,21,22,23,25,30,31,32,34,37,38,39,42,43>
Cluster 17: 0.667642,0.258444,0.334825,0.625232,0.620398,0.629849,0.841371,0.688256,0.703995,neutral,{186} <0,1,2,3,4,5,6,7,8,9,10,11,12,13,15,16,17,18,19,20,21,22,23,24,25,26,27,30,31,32,33,37,38,39,42,43>
Cluster 18: 0.422559,0.518627,0.115274,0.319431,0.311436,0.446798,0.245401,0.385419,0.426742,happy,{188} <0,2,3,4,5,6,7,8,9,10,11,12,13,14,15,16,17,18,21,24,27,28,33,35,37,40,41,44>
Cluster 19: 0.779205,0.896388,0.935501,0.727245,0.749794,0.482198,0.940712,0.595872,0.6258,neutral,{19} <0,1,3,7,8,10,13,16,17,19,20,21,22,23,25,30,31,32,34,36,37,38,39>
Cluster 20: 0.683559,0.73692,0.636114,0.586118,0.551297,0.73536,0.884325,0.548407,0.60035,angry,{269} <0,1,2,3,4,5,6,8,9,10,11,12,13,14,15,16,17,19,20,21,22,23,24,25,26,27,30,31,32,34,36,37,39,42,43>
Cluster 21: 0.570859,0.791604,0.704923,0.373655,0.348686,0.549531,0.758427,0.355768,0.373227,sad,{94} <0,1,2,3,4,6,7,8,9,10,11,12,13,14,15,16,17,18,19,20,21,22,23,25,27,28,29,30,31,32,34,37,39,40,43,45>
Cluster 22: 0.817694,0.891923,0.656769,0.721405,0.715441,0.74895,0.647572,0.85035,0.858578,sad,{84} <0,1,2,3,4,5,6,8,10,13,16,17,19,20,21,22,23,24,25,26,27,28,29,30,31,32,36,39,43>
Cluster 23: 0.764524,0.710421,0.321678,0.746405,0.747023,0.582244,0.904176,0.658351,0.692157,fear,{27} <0,1,2,3,4,5,6,8,10,11,13,15,16,17,19,20,21,22,23,24,25,26,27,30,31,34,36,39,42,43>
Cluster 24: 0.82705,0.786185,0.13135,0.351359,0.351292,0.878565,0.308422,0.811898,0.862255,fear,{44} <0,1,2,3,4,5,6,8,10,11,13,15,17,18,20,22,23,24,26,28,33,39,43>
Cluster 25: 0.633831,0.422737,0.829618,0.358256,0.340337,0.628741,0.834712,0.621925,0.635815,angry,{209} <0,1,2,3,4,5,6,7,8,9,10,11,12,14,15,16,17,19,20,21,22,23,25,26,30,31,32,34,36,39,42,43>
Cluster 26: 0.900624,0.320455,0.510339,0.841622,0.849955,0.880214,0.166578,0.859804,0.868627,angry,{22} <0,1,2,3,4,5,6,10,13,17,20,22,23,24,25,26,31,33,36,38,42>
Cluster 27: 0.690809,0.905392,0.085907,0.652819,0.567892,0.496324,0.742034,0.163358,0.272181,sad,{8} <0,2,3,4,6,7,8,9,10,12,13,14,15,17,18,20,21,22,23,27,28,29,30,31,34,37,39,40,41>
Cluster 28: 0.516895,0.760817,0.116275,0.171373,0.140621,0.700784,0.241634,0.306242,0.396242,sad,{30} <0,2,3,4,5,6,7,8,9,10,11,12,14,15,18,21,22,24,27,28,29,37,39,40,45>
Cluster 29: 0.562255,0.727451,0.036275,0.970098,0.95049,0.889216,0.181373,0.317157,0.413235,sad,{2} <0,2,3,4,5,6,10,13,21,22,27,28,29,33,41>
Cluster 30: 0.787745,0.091912,0.966422,0.599755,0.59951,0.587255,0.978431,0.504657,0.539461,sad,{4} <1,2,3,8,12,16,17,19,20,21,22,23,25,27,30,31,34,39,45>
Cluster 31: 0.690018,0.648841,0.84795,0.756863,0.590998,0.329234,0.904991,0.38066,0.272371,angry,{11} <1,2,3,4,6,8,9,10,12,14,16,17,19,20,21,22,23,25,26,27,30,31,34,36,37,42>
Cluster 32: 0.356561,0.730015,0.762368,0.175792,0.217949,0.739065,0.888688,0.873077,0.873152,neutral,{13} <0,1,2,3,4,7,8,9,10,11,12,16,17,19,20,21,22,25,32,37,38,39,43>
Cluster 33: 0.653529,0.171569,0.021176,0.673333,0.705098,0.724706,0.047647,0.588235,0.641961,happy,{5} <0,2,3,4,5,6,7,9,10,11,13,17,18,24,26,29,33,35,41,44>
Cluster 34: 0.777696,0.625,0.976716,0.652206,0.597794,0.330147,0.738235,0.159804,0.317157,surprise,{4} <1,2,3,4,5,6,8,9,11,12,16,19,20,21,23,25,27,30,31,34>
Cluster 35: 0.241355,0.044118,0.209804,0.156595,0.168538,0.136364,0.029412,0.080303,0.090463,happy,{11} <3,7,9,12,14,15,18,33,35,40,41,44>
Cluster 36: 0.94085,0.994118,0.992484,0.777124,0.837582,0.601961,0.931046,0.980392,0.982353,angry,{3} <1,4,8,13,19,20,22,23,25,26,31,36,39,42>
Cluster 37: 0.748529,0.520425,0.172059,0.429085,0.292974,0.679575,0.943301,0.113072,0.087908,neutral,{6} <0,2,3,4,6,7,9,11,12,14,15,16,17,18,19,20,21,27,28,31,32,37,40>
Cluster 38: 0.374265,0.119853,0.82402,0.723529,0.817157,0.193873,0.266422,0.916912,0.902696,neutral,{4} <0,2,3,7,16,17,19,26,32,38>
Cluster 39: 0.817402,0.91201,0.469608,0.320588,0.171814,0.672304,0.867647,0.876225,0.899755,sad,{4} <0,1,2,3,4,6,8,10,11,13,16,17,19,20,21,22,23,24,25,27,28,30,32,36,39,43>
Cluster 40: 0.605882,0.021569,0.062418,0.166993,0.112745,0.164052,0.516667,0.091176,0.073529,sad,{3} <2,7,9,12,14,15,18,21,27,28,35,37,40,45>
Cluster 41: 0.119853,0.59951,0.275,0.83799,0.882108,0.229167,0.304167,0.167157,0.235539,happy,{4} <2,3,4,6,7,9,13,14,18,27,29,33,35,41>
Cluster 42: 0.731373,0.113235,0.145098,0.702941,0.737745,0.120098,1,0.74951,0.742647,angry,{2} <4,14,16,17,20,23,25,26,31,36,42>
Cluster 43: 0.760294,0.555882,0.431863,0.117647,0.182353,0.830392,0.970098,0.814216,0.860784,fear,{2} <0,1,2,3,4,6,8,10,11,15,16,17,20,21,22,23,24,25,32,39,43>
Cluster 44: 0.077941,0.033578,0.413971,0.136765,0.191912,0.3625,0.137255,0.885539,0.848284,happy,{4} <2,3,4,5,6,7,9,11,18,33,35,44>
Cluster 45: 0.018137,0.02598,0.39951,0.007353,0.006373,0.612255,0.931863,0.138725,0.245588,sad,{2} <2,7,9,12,14,15,21,28,30,40,45>

Clusterer Built in 0.23506975173950195 secs.

Clustering data.
Cluster results

Canopy clustering
=================

Number of canopies (cluster centers) found: 46
T2 radius: 1.126     
T1 radius: 1.408     

Cluster 0: 0.676264,0.623693,0.415882,0.575883,0.579361,0.701869,0.317042,0.694942,0.718803,neutral,{6132} <0,1,2,3,4,5,6,7,8,10,11,12,13,15,16,17,18,19,20,21,22,23,24,25,26,27,28,29,32,33,37,38,39,43>
Cluster 1: 0.734353,0.661171,0.72583,0.565837,0.566659,0.77285,0.732757,0.752085,0.774429,surprise,{3068} <0,1,2,3,4,5,6,8,10,11,12,13,16,17,19,20,21,22,23,24,25,26,30,31,32,34,36,39,43>
Cluster 2: 0.538019,0.422783,0.397828,0.447443,0.450367,0.52768,0.365957,0.547496,0.570818,sad,{7604} <0,1,2,3,4,5,6,7,8,9,10,11,12,13,14,15,16,17,18,20,21,22,23,24,25,26,27,28,29,30,31,32,33,34,37,38,39,40,41,43,44,45>
Cluster 3: 0.591454,0.545613,0.480849,0.551488,0.54875,0.630445,0.438661,0.560167,0.598067,happy,{7065} <0,1,2,3,4,5,6,7,8,9,10,11,12,13,14,15,16,17,18,19,20,21,22,23,24,25,26,27,28,29,30,31,32,33,34,35,37,38,39,41,43,44>
Cluster 4: 0.49842,0.555709,0.405387,0.436551,0.440326,0.574748,0.365826,0.531741,0.561827,angry,{3149} <0,1,2,3,4,5,6,7,8,9,10,11,12,13,14,15,16,17,18,20,21,22,23,24,25,26,27,28,29,31,32,33,34,36,37,39,41,42,43,44>
Cluster 5: 0.698291,0.396235,0.171284,0.495105,0.489524,0.672974,0.175051,0.65848,0.692052,surprise,{420} <0,1,2,3,4,5,6,7,8,10,11,12,13,14,15,16,17,18,20,22,23,24,25,26,28,29,33,34,44>
Cluster 6: 0.594275,0.475063,0.323394,0.49114,0.482948,0.580516,0.357052,0.544167,0.573211,fear,{1944} <0,1,2,3,4,5,6,7,8,9,10,11,12,13,14,15,16,17,18,20,21,22,23,24,25,26,27,28,29,31,33,34,37,39,41,43,44>
Cluster 7: 0.364599,0.294581,0.27732,0.277112,0.26763,0.351865,0.356494,0.321799,0.341367,neutral,{1349} <0,2,3,4,5,6,7,8,9,10,11,12,14,15,16,17,18,19,21,25,27,28,32,33,35,37,38,40,41,44,45>
Cluster 8: 0.590003,0.653381,0.698283,0.417065,0.4234,0.64544,0.649857,0.615635,0.648048,fear,{1744} <0,1,2,3,4,5,6,7,8,9,10,11,12,13,14,15,16,17,18,19,20,21,22,23,24,25,27,28,30,31,32,34,36,39,43>
Cluster 9: 0.340317,0.542427,0.536492,0.226572,0.226258,0.424268,0.7602,0.260374,0.293166,happy,{203} <2,3,4,6,7,8,9,10,11,12,13,14,15,16,17,18,20,21,25,27,28,31,32,33,34,35,37,40,41,44,45>
Cluster 10: 0.6845,0.736443,0.367252,0.586253,0.573922,0.722941,0.481183,0.675073,0.706106,disgust,{315} <0,1,2,3,4,5,6,7,8,9,10,11,12,13,15,16,17,18,19,20,21,22,23,24,25,26,27,28,29,31,32,33,39,43>
Cluster 11: 0.564143,0.520155,0.436994,0.203494,0.199594,0.592999,0.382331,0.579225,0.609915,surprise,{865} <0,1,2,3,4,5,6,7,8,9,10,11,12,14,15,16,17,18,20,21,23,24,25,28,32,33,34,37,39,43,44>
Cluster 12: 0.423021,0.430003,0.600501,0.285579,0.268785,0.413209,0.577159,0.339358,0.362416,disgust,{131} <0,1,2,3,4,5,6,7,8,9,10,11,12,14,15,16,17,18,20,21,25,27,28,30,31,32,34,35,37,40,45>
Cluster 13: 0.621523,0.834473,0.242909,0.804811,0.79585,0.833037,0.783607,0.696056,0.743981,happy,{43} <0,1,2,3,4,5,6,8,9,10,13,16,17,18,19,20,21,22,23,24,26,27,29,33,36,39,41>
Cluster 14: 0.460478,0.393912,0.169257,0.287801,0.262483,0.412177,0.385784,0.169407,0.17402,angry,{176} <2,3,4,5,6,7,8,9,11,12,14,15,16,18,20,21,25,27,28,31,35,37,40,41,42,45>
Cluster 15: 0.452718,0.509231,0.173597,0.207562,0.184333,0.414531,0.615861,0.284527,0.332819,fear,{101} <0,2,3,4,5,6,7,8,9,10,11,12,14,15,16,17,18,20,21,23,24,25,27,28,35,37,40,43,45>
Cluster 16: 0.608133,0.377605,0.786972,0.477859,0.465425,0.562877,0.760208,0.516176,0.543545,neutral,{274} <0,1,2,3,4,5,6,7,8,9,10,11,12,13,14,15,16,17,18,19,20,21,22,23,25,30,31,32,34,37,38,39,42,43>
Cluster 17: 0.667642,0.258444,0.334825,0.625232,0.620398,0.629849,0.841371,0.688256,0.703995,neutral,{186} <0,1,2,3,4,5,6,7,8,9,10,11,12,13,15,16,17,18,19,20,21,22,23,24,25,26,27,30,31,32,33,37,38,39,42,43>
Cluster 18: 0.422559,0.518627,0.115274,0.319431,0.311436,0.446798,0.245401,0.385419,0.426742,happy,{188} <0,2,3,4,5,6,7,8,9,10,11,12,13,14,15,16,17,18,21,24,27,28,33,35,37,40,41,44>
Cluster 19: 0.779205,0.896388,0.935501,0.727245,0.749794,0.482198,0.940712,0.595872,0.6258,neutral,{19} <0,1,3,7,8,10,13,16,17,19,20,21,22,23,25,30,31,32,34,36,37,38,39>
Cluster 20: 0.683559,0.73692,0.636114,0.586118,0.551297,0.73536,0.884325,0.548407,0.60035,angry,{269} <0,1,2,3,4,5,6,8,9,10,11,12,13,14,15,16,17,19,20,21,22,23,24,25,26,27,30,31,32,34,36,37,39,42,43>
Cluster 21: 0.570859,0.791604,0.704923,0.373655,0.348686,0.549531,0.758427,0.355768,0.373227,sad,{94} <0,1,2,3,4,6,7,8,9,10,11,12,13,14,15,16,17,18,19,20,21,22,23,25,27,28,29,30,31,32,34,37,39,40,43,45>
Cluster 22: 0.817694,0.891923,0.656769,0.721405,0.715441,0.74895,0.647572,0.85035,0.858578,sad,{84} <0,1,2,3,4,5,6,8,10,13,16,17,19,20,21,22,23,24,25,26,27,28,29,30,31,32,36,39,43>
Cluster 23: 0.764524,0.710421,0.321678,0.746405,0.747023,0.582244,0.904176,0.658351,0.692157,fear,{27} <0,1,2,3,4,5,6,8,10,11,13,15,16,17,19,20,21,22,23,24,25,26,27,30,31,34,36,39,42,43>
Cluster 24: 0.82705,0.786185,0.13135,0.351359,0.351292,0.878565,0.308422,0.811898,0.862255,fear,{44} <0,1,2,3,4,5,6,8,10,11,13,15,17,18,20,22,23,24,26,28,33,39,43>
Cluster 25: 0.633831,0.422737,0.829618,0.358256,0.340337,0.628741,0.834712,0.621925,0.635815,angry,{209} <0,1,2,3,4,5,6,7,8,9,10,11,12,14,15,16,17,19,20,21,22,23,25,26,30,31,32,34,36,39,42,43>
Cluster 26: 0.900624,0.320455,0.510339,0.841622,0.849955,0.880214,0.166578,0.859804,0.868627,angry,{22} <0,1,2,3,4,5,6,10,13,17,20,22,23,24,25,26,31,33,36,38,42>
Cluster 27: 0.690809,0.905392,0.085907,0.652819,0.567892,0.496324,0.742034,0.163358,0.272181,sad,{8} <0,2,3,4,6,7,8,9,10,12,13,14,15,17,18,20,21,22,23,27,28,29,30,31,34,37,39,40,41>
Cluster 28: 0.516895,0.760817,0.116275,0.171373,0.140621,0.700784,0.241634,0.306242,0.396242,sad,{30} <0,2,3,4,5,6,7,8,9,10,11,12,14,15,18,21,22,24,27,28,29,37,39,40,45>
Cluster 29: 0.562255,0.727451,0.036275,0.970098,0.95049,0.889216,0.181373,0.317157,0.413235,sad,{2} <0,2,3,4,5,6,10,13,21,22,27,28,29,33,41>
Cluster 30: 0.787745,0.091912,0.966422,0.599755,0.59951,0.587255,0.978431,0.504657,0.539461,sad,{4} <1,2,3,8,12,16,17,19,20,21,22,23,25,27,30,31,34,39,45>
Cluster 31: 0.690018,0.648841,0.84795,0.756863,0.590998,0.329234,0.904991,0.38066,0.272371,angry,{11} <1,2,3,4,6,8,9,10,12,14,16,17,19,20,21,22,23,25,26,27,30,31,34,36,37,42>
Cluster 32: 0.356561,0.730015,0.762368,0.175792,0.217949,0.739065,0.888688,0.873077,0.873152,neutral,{13} <0,1,2,3,4,7,8,9,10,11,12,16,17,19,20,21,22,25,32,37,38,39,43>
Cluster 33: 0.653529,0.171569,0.021176,0.673333,0.705098,0.724706,0.047647,0.588235,0.641961,happy,{5} <0,2,3,4,5,6,7,9,10,11,13,17,18,24,26,29,33,35,41,44>
Cluster 34: 0.777696,0.625,0.976716,0.652206,0.597794,0.330147,0.738235,0.159804,0.317157,surprise,{4} <1,2,3,4,5,6,8,9,11,12,16,19,20,21,23,25,27,30,31,34>
Cluster 35: 0.241355,0.044118,0.209804,0.156595,0.168538,0.136364,0.029412,0.080303,0.090463,happy,{11} <3,7,9,12,14,15,18,33,35,40,41,44>
Cluster 36: 0.94085,0.994118,0.992484,0.777124,0.837582,0.601961,0.931046,0.980392,0.982353,angry,{3} <1,4,8,13,19,20,22,23,25,26,31,36,39,42>
Cluster 37: 0.748529,0.520425,0.172059,0.429085,0.292974,0.679575,0.943301,0.113072,0.087908,neutral,{6} <0,2,3,4,6,7,9,11,12,14,15,16,17,18,19,20,21,27,28,31,32,37,40>
Cluster 38: 0.374265,0.119853,0.82402,0.723529,0.817157,0.193873,0.266422,0.916912,0.902696,neutral,{4} <0,2,3,7,16,17,19,26,32,38>
Cluster 39: 0.817402,0.91201,0.469608,0.320588,0.171814,0.672304,0.867647,0.876225,0.899755,sad,{4} <0,1,2,3,4,6,8,10,11,13,16,17,19,20,21,22,23,24,25,27,28,30,32,36,39,43>
Cluster 40: 0.605882,0.021569,0.062418,0.166993,0.112745,0.164052,0.516667,0.091176,0.073529,sad,{3} <2,7,9,12,14,15,18,21,27,28,35,37,40,45>
Cluster 41: 0.119853,0.59951,0.275,0.83799,0.882108,0.229167,0.304167,0.167157,0.235539,happy,{4} <2,3,4,6,7,9,13,14,18,27,29,33,35,41>
Cluster 42: 0.731373,0.113235,0.145098,0.702941,0.737745,0.120098,1,0.74951,0.742647,angry,{2} <4,14,16,17,20,23,25,26,31,36,42>
Cluster 43: 0.760294,0.555882,0.431863,0.117647,0.182353,0.830392,0.970098,0.814216,0.860784,fear,{2} <0,1,2,3,4,6,8,10,11,15,16,17,20,21,22,23,24,25,32,39,43>
Cluster 44: 0.077941,0.033578,0.413971,0.136765,0.191912,0.3625,0.137255,0.885539,0.848284,happy,{4} <2,3,4,5,6,7,9,11,18,33,35,44>
Cluster 45: 0.018137,0.02598,0.39951,0.007353,0.006373,0.612255,0.931863,0.138725,0.245588,sad,{2} <2,7,9,12,14,15,21,28,30,40,45>

Clustered Instances

 4      11691 ( 33%)
10         18 (  0%)
12          3 (  0%)
14       5868 ( 16%)
20      10918 ( 30%)
25       4246 ( 12%)
26        284 (  1%)
31       1596 (  4%)
36       1093 (  3%)
42        170 (  0%)


Class attribute: emotion
Classes to Clusters:

    4   10   12   14   20   25   26   31   36   42  <-- assigned to cluster
 1580    2    0  955 1275  681   50  288   92   30 | angry
  145    0    0   75  204   76    1   31   15    0 | disgust
 1636    4    0  649 1663  609   52  278  197   33 | fear
 2996    4    0 1360 3080  915   50  338  229   17 | happy
 2189    4    0 1124 1896  616   52  147  154   16 | neutral
 2301    2    0 1373 1316  673   57  234  109   12 | sad
  844    2    3  332 1484  676   22  280  297   62 | surprise

Cluster  4 <-- neutral
Cluster 10 <-- No class
Cluster 12 <-- No class
Cluster 14 <-- sad
Cluster 20 <-- happy
Cluster 25 <-- angry
Cluster 26 <-- disgust
Cluster 31 <-- fear
Cluster 36 <-- surprise
Cluster 42 <-- No class

Incorrectly clustered instances :	27988.0	 77.9892 %

Classes to clusters
[-1 -1 -1 -1  4 -1 -1 -1 -1 -1 -1 -1 -1 -1  5 -1 -1 -1 -1 -1  3 -1 -1 -1
 -1  0  1 -1 -1 -1 -1  2 -1 -1 -1 -1  6 -1 -1 -1 -1 -1 -1 -1 -1 -1]
Clustered data in 0.430950403213501 secs.
